# Task,   Job,     Period,   Response, DL Miss?,   Lateness,  Tardiness, Forced?,       ACET,  Preemptions,   Migrations
# task NAME=0 PID=3263 COST=50000000 PERIOD=150000000 CPU=0
  3263,     2,  150000000,   75025316,        0, -124974684,          0,       0,   74921082,            0,            0
  3263,     3,  150000000,   75108798,        0, -124891202,          0,       0,   74993230,            0,            0
  3263,     4,  150000000,   75070891,        0, -124929109,          0,       0,   74972648,            0,            0
  3263,     5,  150000000,     109955,        0, -199890045,          0,       1,          0,            0,            0
# task NAME=1 PID=3264 COST=50000000 PERIOD=150000000 CPU=0
  3264,     2,  150000000,   75023269,        0, -124976731,          0,       0,   74919564,            0,            0
  3264,     3,  150000000,   75300925,        0, -124699075,          0,       0,   75171670,            1,            0
  3264,     4,  150000000,   74992854,        0, -125007146,          0,       0,   74886435,            0,            0
